N=100   M=10

0
0.001
0.001001
0.000999
0
0.002001


N=10000   M=100000

0.151
0.003
0.004005
0.007001
0.004021
0.005


N=100000   M=1000000

Bubble 9999
0.011002
0.010998
0.046005
0.009008
0.008998


N=1000000   M=100000

Bubble 9999
0.017003
0.071005
0.405062
0.095
0.068004


N=10000000   M=100000

Bubble 9999
0.162991
0.679003
4.22705
2.79394
0.590986


N=10000   M=100

0.148
0.002005
0.002998
0.008001
0.003004
0.002003


N=100000   M=100000

Bubble 9999
0.006
0.010002
0.038999
0.010994
0.009024


N=100000   M=10

Bubble 9999
0.005
0.004
0.035999
0.508004
0.004999


N=1000   M=1

0.003999
0.003999
0.003003
0.003993
0.003001
0.001003


N=1000000   M=1000000

Bubble 9999
0.021005
0.06701
0.402997
0.094052
0.058996


N=10000   M=100

0.152058
0.003997
0.005063
0.01001
0.002999
0.003996


N=10   M=1000000

0.002
0.008055
0.003999
0.002002
0.001999
0.005


N=10000   M=100000

0.149999
0.004998
0.006023
0.006062
0.005
0.006003


N=100000   M=10000

Bubble 9999
0.003001
0.008051
0.040998
0.008983
0.007014


N=1000000   M=100000

Bubble 9999
0.018054
0.069002
0.403998
0.099003
0.061


N=10000000   M=100000

Bubble 9999
0.167004
0.675944
4.118
2.773
0.579996


